$ANSIBLE_VAULT;1.1;AES256
65663534363237396131333064633135336539383233396332346430343561393530353930613837
6232616263656234373866623836326263313830383933320a663935353237316664623062353032
66386233613734636336313230313832396133393330663138626439333033323564313434313163
3730383835393435320a316665353737336437393637323236343939663365346261353630303834
63316166343936656530313636303861653661656264396439343962343262313332663061323236
63363235323039383939383539393937366535613435613535663030636464333161316365343837
30386432633662366262376436633531643264353539356430666164636238393233626261616163
66356130333031376663643433616534376564636132323430656635313032333835396630333562
31633663646339613665613164333038663932626139313961356161303764336238356332366139
61316461363339646634653737336537623030353063356131396139306438383466326134353830
61646635333931663063303166636565363666633861633738613135393963343862376632346165
37623665363531636363643364366139393032376135626235346466383663386539316462336562
37376366303663626330613937646131613431366339303235616563376465326433336631306362
30363762376464383431636632353565323233366163383864373761633538376535326133363639
646637633863326335323162653864633566
